CREATION_DATE = 2022-05-06T10:45:00.000
ORIGINATOR = JPL WebGeocalc

META_START

COMMENT  : Rotation Matrix
COMMENT  : Column 1:2 Unit : MJD Days + Seconds
COMMENT  : Orientation form = M11, M12, M13, M21, M22, M23, M31, M32, M33

OBJECT_NAME = IAU_LUTETIA
OBJECT_ID = IAU_LUTETIA

REF_FRAME_A = J2000
REF_FRAME_B = IAU_LUTETIA
ATTITUDE_DIR = A2B
TIME_SYSTEM = TDB
ATTITUDE_TYPE = ROTATION_MATRIX

META_STOP


55387 42300 0.22567079 0.08545364 -0.97044854 -0.76577964 0.63133127 -0.12248413 0.60220779 0.77079083 0.20791169
55387 42330 0.22075743 0.08949879 -0.97121374 -0.76721049 0.63077053 -0.11626093 0.60220779 0.77079083 0.20791169
55387 42360 0.21583499 0.09354026 -0.97193903 -0.7686098 0.63018388 -0.11003295 0.60220779 0.77079083 0.20791169
55387 42390 0.21090368 0.09757789 -0.97262439 -0.76997754 0.62957133 -0.10380045 0.60220779 0.77079083 0.20791169
55387 42420 0.2059637 0.10161151 -0.97326977 -0.77131364 0.62893291 -0.09756369 0.60220779 0.77079083 0.20791169
55387 42450 0.20101527 0.10564095 -0.97387517 -0.77261804 0.62826864 -0.09132292 0.60220779 0.77079083 0.20791169
55387 42480 0.19605857 0.10966605 -0.97444056 -0.7738907 0.62757857 -0.0850784 0.60220779 0.77079083 0.20791169
55387 42510 0.19109381 0.11368665 -0.9749659 -0.77513155 0.6268627 -0.07883038 0.60220779 0.77079083 0.20791169
55387 42540 0.18612121 0.11770257 -0.97545118 -0.77634056 0.62612108 -0.07257912 0.60220779 0.77079083 0.20791169
55387 42570 0.18114096 0.12171366 -0.97589638 -0.77751767 0.62535373 -0.06632487 0.60220779 0.77079083 0.20791169
55387 42600 0.17615326 0.12571974 -0.97630148 -0.77866283 0.62456068 -0.06006791 0.60220779 0.77079083 0.20791169
55387 42630 0.17115833 0.12972066 -0.97666646 -0.77977599 0.62374197 -0.05380847 0.60220779 0.77079083 0.20791169
55387 42660 0.16615636 0.13371625 -0.97699131 -0.78085712 0.62289763 -0.04754683 0.60220779 0.77079083 0.20791169
55387 42690 0.16114756 0.13770635 -0.97727602 -0.78190615 0.6220277 -0.04128323 0.60220779 0.77079083 0.20791169
55387 42720 0.15613215 0.14169079 -0.97752057 -0.78292306 0.62113221 -0.03501793 0.60220779 0.77079083 0.20791169
55387 42750 0.15111032 0.1456694 -0.97772496 -0.7839078 0.62021119 -0.0287512 0.60220779 0.77079083 0.20791169
55387 42780 0.14608228 0.14964203 -0.97788917 -0.78486033 0.61926469 -0.02248328 0.60220779 0.77079083 0.20791169
55387 42810 0.14104823 0.15360851 -0.9780132 -0.78578061 0.61829275 -0.01621444 0.60220779 0.77079083 0.20791169
55387 42840 0.13600839 0.15756868 -0.97809704 -0.7866686 0.6172954 -0.00994493 0.60220779 0.77079083 0.20791169
55387 42870 0.13096297 0.16152238 -0.9781407 -0.78752427 0.61627268 -0.00367502 0.60220779 0.77079083 0.20791169
55387 42900 0.12591216 0.16546944 -0.97814416 -0.78834758 0.61522465 0.00259505 0.60220779 0.77079083 0.20791169
55387 42930 0.12085618 0.16940969 -0.97810743 -0.78913849 0.61415133 0.00886501 0.60220779 0.77079083 0.20791169
55387 42960 0.11579523 0.17334299 -0.97803051 -0.78989698 0.61305278 0.0151346 0.60220779 0.77079083 0.20791169
55387 42990 0.11072952 0.17726917 -0.9779134 -0.79062301 0.61192903 0.02140358 0.60220779 0.77079083 0.20791169
55387 43020 0.10565926 0.18118806 -0.97775611 -0.79131656 0.61078015 0.02767167 0.60220779 0.77079083 0.20791169
55387 43050 0.10058467 0.1850995 -0.97755864 -0.79197759 0.60960616 0.03393863 0.60220779 0.77079083 0.20791169
55387 43080 0.09550594 0.18900334 -0.97732101 -0.79260607 0.60840713 0.04020419 0.60220779 0.77079083 0.20791169
55387 43110 0.09042328 0.19289942 -0.97704322 -0.79320199 0.6071831 0.0464681 0.60220779 0.77079083 0.20791169
55387 43140 0.08533691 0.19678757 -0.97672528 -0.79376532 0.60593412 0.0527301 0.60220779 0.77079083 0.20791169
55387 43170 0.08024703 0.20066763 -0.9763672 -0.79429603 0.60466024 0.05898993 0.60220779 0.77079083 0.20791169
55387 43200 0.07515386 0.20453945 -0.97596901 -0.7947941 0.60336151 0.06524734 0.60220779 0.77079083 0.20791169
55387 43230 0.0700576 0.20840286 -0.97553072 -0.79525952 0.602038 0.07150207 0.60220779 0.77079083 0.20791169
55387 43260 0.06495845 0.21225771 -0.97505234 -0.79569226 0.60068974 0.07775386 0.60220779 0.77079083 0.20791169
55387 43290 0.05985664 0.21610383 -0.9745339 -0.7960923 0.59931681 0.08400246 0.60220779 0.77079083 0.20791169
55387 43320 0.05475237 0.21994108 -0.97397541 -0.79645963 0.59791924 0.09024761 0.60220779 0.77079083 0.20791169
55387 43350 0.04964585 0.22376929 -0.9733769 -0.79679424 0.59649711 0.09648904 0.60220779 0.77079083 0.20791169
55387 43380 0.0445373 0.22758831 -0.9727384 -0.79709611 0.59505047 0.10272651 0.60220779 0.77079083 0.20791169
55387 43410 0.03942691 0.23139797 -0.97205993 -0.79736522 0.59357938 0.10895976 0.60220779 0.77079083 0.20791169
55387 43440 0.0343149 0.23519813 -0.97134151 -0.79760157 0.5920839 0.11518854 0.60220779 0.77079083 0.20791169
55387 43470 0.02920148 0.23898862 -0.97058318 -0.79780514 0.59056409 0.12141258 0.60220779 0.77079083 0.20791169
55387 43500 0.02408686 0.24276929 -0.96978497 -0.79797594 0.58902001 0.12763163 0.60220779 0.77079083 0.20791169
55387 43530 0.01897125 0.24653998 -0.96894692 -0.79811394 0.58745173 0.13384544 0.60220779 0.77079083 0.20791169
55387 43560 0.01385486 0.25030055 -0.96806905 -0.79821915 0.58585931 0.14005374 0.60220779 0.77079083 0.20791169
55387 43590 0.0087379 0.25405083 -0.9671514 -0.79829156 0.58424282 0.1462563 0.60220779 0.77079083 0.20791169
55387 43620 0.00362058 0.25779067 -0.96619401 -0.79833117 0.58260232 0.15245284 0.60220779 0.77079083 0.20791169
55387 43650 -0.00149688 0.26151992 -0.96519692 -0.79833798 0.58093789 0.15864312 0.60220779 0.77079083 0.20791169
55387 43680 -0.00661429 0.26523843 -0.96416017 -0.79831198 0.57924958 0.16482688 0.60220779 0.77079083 0.20791169
55387 43710 -0.01173142 0.26894603 -0.9630838 -0.79825318 0.57753747 0.17100387 0.60220779 0.77079083 0.20791169
55387 43740 -0.01684807 0.27264258 -0.96196786 -0.79816158 0.57580163 0.17717383 0.60220779 0.77079083 0.20791169
55387 43770 -0.02196403 0.27632794 -0.96081239 -0.79803719 0.57404213 0.18333651 0.60220779 0.77079083 0.20791169
55387 43800 -0.02707908 0.28000193 -0.95961745 -0.79788 0.57225905 0.18949166 0.60220779 0.77079083 0.20791169
55387 43830 -0.03219303 0.28366442 -0.95838307 -0.79769003 0.57045245 0.19563902 0.60220779 0.77079083 0.20791169
55387 43860 -0.03730565 0.28731526 -0.95710931 -0.79746728 0.56862241 0.20177834 0.60220779 0.77079083 0.20791169
55387 43890 -0.04241673 0.29095429 -0.95579622 -0.79721176 0.566769 0.20790937 0.60220779 0.77079083 0.20791169
55387 43920 -0.04752608 0.29458136 -0.95444387 -0.79692349 0.56489231 0.21403186 0.60220779 0.77079083 0.20791169
55387 43950 -0.05263347 0.29819633 -0.95305229 -0.79660247 0.5629924 0.22014555 0.60220779 0.77079083 0.20791169
55387 43980 -0.0577387 0.30179905 -0.95162155 -0.79624871 0.56106936 0.2262502 0.60220779 0.77079083 0.20791169
55387 44010 -0.06284156 0.30538937 -0.95015171 -0.79586224 0.55912327 0.23234555 0.60220779 0.77079083 0.20791169
55387 44040 -0.06794183 0.30896714 -0.94864283 -0.79544307 0.55715421 0.23843136 0.60220779 0.77079083 0.20791169
55387 44070 -0.07303931 0.31253221 -0.94709497 -0.79499121 0.55516224 0.24450736 0.60220779 0.77079083 0.20791169
55387 44100 -0.07813379 0.31608444 -0.94550819 -0.79450669 0.55314747 0.25057333 0.60220779 0.77079083 0.20791169
55387 44130 -0.08322507 0.31962368 -0.94388256 -0.79398952 0.55110997 0.25662899 0.60220779 0.77079083 0.20791169
55387 44160 -0.08831292 0.32314979 -0.94221815 -0.79343973 0.54904983 0.26267411 0.60220779 0.77079083 0.20791169
55387 44190 -0.09339714 0.32666262 -0.94051502 -0.79285733 0.54696712 0.26870844 0.60220779 0.77079083 0.20791169
55387 44220 -0.09847752 0.33016203 -0.93877325 -0.79224235 0.54486194 0.27473172 0.60220779 0.77079083 0.20791169
55387 44250 -0.10355386 0.33364787 -0.9369929 -0.79159483 0.54273437 0.28074372 0.60220779 0.77079083 0.20791169
55387 44280 -0.10862595 0.33712001 -0.93517405 -0.79091477 0.5405845 0.28674418 0.60220779 0.77079083 0.20791169
55387 44310 -0.11369357 0.34057829 -0.93331678 -0.79020222 0.53841242 0.29273286 0.60220779 0.77079083 0.20791169
55387 44340 -0.11875651 0.34402257 -0.93142115 -0.78945719 0.53621821 0.29870951 0.60220779 0.77079083 0.20791169
55387 44370 -0.12381458 0.34745272 -0.92948725 -0.78867973 0.53400197 0.30467388 0.60220779 0.77079083 0.20791169
55387 44400 -0.12886756 0.3508686 -0.92751516 -0.78786986 0.53176379 0.31062574 0.60220779 0.77079083 0.20791169
55387 44430 -0.13391525 0.35427005 -0.92550496 -0.78702762 0.52950376 0.31656483 0.60220779 0.77079083 0.20791169
55387 44460 -0.13895743 0.35765695 -0.92345673 -0.78615304 0.52722197 0.32249092 0.60220779 0.77079083 0.20791169
55387 44490 -0.14399391 0.36102916 -0.92137056 -0.78524616 0.52491852 0.32840375 0.60220779 0.77079083 0.20791169
55387 44520 -0.14902446 0.36438653 -0.91924652 -0.78430701 0.52259349 0.33430309 0.60220779 0.77079083 0.20791169
55387 44550 -0.1540489 0.36772892 -0.91708472 -0.78333563 0.520247 0.3401887 0.60220779 0.77079083 0.20791169
55387 44580 -0.159067 0.37105621 -0.91488523 -0.78233207 0.51787913 0.34606032 0.60220779 0.77079083 0.20791169
55387 44610 -0.16407857 0.37436825 -0.91264815 -0.78129636 0.51548998 0.35191773 0.60220779 0.77079083 0.20791169
55387 44640 -0.16908339 0.3776649 -0.91037356 -0.78022854 0.51307964 0.35776068 0.60220779 0.77079083 0.20791169
55387 44670 -0.17408127 0.38094604 -0.90806158 -0.77912867 0.51064823 0.36358892 0.60220779 0.77079083 0.20791169
55387 44700 -0.17907199 0.38421153 -0.90571227 -0.77799678 0.50819583 0.36940223 0.60220779 0.77079083 0.20791169
55387 44730 -0.18405536 0.38746123 -0.90332576 -0.77683293 0.50572255 0.37520035 0.60220779 0.77079083 0.20791169
55387 44760 -0.18903116 0.390695 -0.90090212 -0.77563715 0.50322849 0.38098306 0.60220779 0.77079083 0.20791169
55387 44790 -0.1939992 0.39391273 -0.89844147 -0.77440951 0.50071375 0.38675012 0.60220779 0.77079083 0.20791169
55387 44820 -0.19895927 0.39711426 -0.8959439 -0.77315004 0.49817844 0.39250128 0.60220779 0.77079083 0.20791169
55387 44850 -0.20391116 0.40029948 -0.89340952 -0.7718588 0.49562266 0.39823632 0.60220779 0.77079083 0.20791169
55387 44880 -0.20885467 0.40346826 -0.89083842 -0.77053585 0.49304651 0.40395499 0.60220779 0.77079083 0.20791169
55387 44910 -0.2137896 0.40662045 -0.88823072 -0.76918124 0.49045011 0.40965707 0.60220779 0.77079083 0.20791169
55387 44940 -0.21871574 0.40975594 -0.88558653 -0.76779502 0.48783355 0.41534231 0.60220779 0.77079083 0.20791169
55387 44970 -0.2236329 0.41287458 -0.88290594 -0.76637726 0.48519695 0.42101048 0.60220779 0.77079083 0.20791169
55387 45000 -0.22854087 0.41597627 -0.88018908 -0.764928 0.48254041 0.42666136 0.60220779 0.77079083 0.20791169
55387 45030 -0.23343945 0.41906086 -0.87743605 -0.76344731 0.47986404 0.4322947 0.60220779 0.77079083 0.20791169
55387 45060 -0.23832843 0.42212823 -0.87464697 -0.76193525 0.47716795 0.43791028 0.60220779 0.77079083 0.20791169
55387 45090 -0.24320763 0.42517826 -0.87182194 -0.76039189 0.47445226 0.44350787 0.60220779 0.77079083 0.20791169
55387 45120 -0.24807683 0.42821082 -0.8689611 -0.75881728 0.47171707 0.44908723 0.60220779 0.77079083 0.20791169
55387 45150 -0.25293583 0.43122578 -0.86606454 -0.75721149 0.4689625 0.45464814 0.60220779 0.77079083 0.20791169
55387 45180 -0.25778445 0.43422302 -0.86313241 -0.75557458 0.46618866 0.46019037 0.60220779 0.77079083 0.20791169
55387 45210 -0.26262247 0.43720242 -0.8601648 -0.75390663 0.46339567 0.46571369 0.60220779 0.77079083 0.20791169
55387 45240 -0.2674497 0.44016385 -0.85716185 -0.75220771 0.46058363 0.47121788 0.60220779 0.77079083 0.20791169
55387 45270 -0.27226594 0.4431072 -0.85412368 -0.75047787 0.45775267 0.4767027 0.60220779 0.77079083 0.20791169
55387 45300 -0.27707099 0.44603235 -0.85105042 -0.7487172 0.4549029 0.48216793 0.60220779 0.77079083 0.20791169
55387 45330 -0.28186466 0.44893916 -0.84794218 -0.74692576 0.45203443 0.48761335 0.60220779 0.77079083 0.20791169
55387 45360 -0.28664674 0.45182753 -0.84479911 -0.74510363 0.4491474 0.49303874 0.60220779 0.77079083 0.20791169
55387 45390 -0.29141705 0.45469733 -0.84162132 -0.74325088 0.44624191 0.49844387 0.60220779 0.77079083 0.20791169
55387 45420 -0.29617538 0.45754845 -0.83840895 -0.7413676 0.44331808 0.50382851 0.60220779 0.77079083 0.20791169
55387 45450 -0.30092155 0.46038077 -0.83516212 -0.73945385 0.44037603 0.50919246 0.60220779 0.77079083 0.20791169
55387 45480 -0.30565535 0.46319417 -0.83188098 -0.73750972 0.43741589 0.51453548 0.60220779 0.77079083 0.20791169
55387 45510 -0.31037659 0.46598853 -0.82856566 -0.73553528 0.43443778 0.51985735 0.60220779 0.77079083 0.20791169
55387 45540 -0.31508507 0.46876376 -0.8252163 -0.73353062 0.43144182 0.52515787 0.60220779 0.77079083 0.20791169
55387 45570 -0.31978061 0.47151971 -0.82183302 -0.73149582 0.42842813 0.53043681 0.60220779 0.77079083 0.20791169
55387 45600 -0.32446301 0.4742563 -0.81841598 -0.72943096 0.42539683 0.53569395 0.60220779 0.77079083 0.20791169
55387 45630 -0.32913208 0.4769734 -0.81496531 -0.72733613 0.42234805 0.54092908 0.60220779 0.77079083 0.20791169
55387 45660 -0.33378762 0.47967089 -0.81148115 -0.72521141 0.41928192 0.54614199 0.60220779 0.77079083 0.20791169
55387 45690 -0.33842945 0.48234868 -0.80796365 -0.7230569 0.41619857 0.55133245 0.60220779 0.77079083 0.20791169
55387 45720 -0.34305737 0.48500665 -0.80441294 -0.72087267 0.41309811 0.55650026 0.60220779 0.77079083 0.20791169
55387 45750 -0.3476712 0.48764469 -0.80082919 -0.71865883 0.40998067 0.56164521 0.60220779 0.77079083 0.20791169
55387 45780 -0.35227074 0.4902627 -0.79721253 -0.71641545 0.40684639 0.56676707 0.60220779 0.77079083 0.20791169
55387 45810 -0.3568558 0.49286055 -0.79356311 -0.71414264 0.4036954 0.57186565 0.60220779 0.77079083 0.20791169
55387 45840 -0.36142621 0.49543816 -0.78988108 -0.71184048 0.40052781 0.57694073 0.60220779 0.77079083 0.20791169
55387 45870 -0.36598176 0.49799541 -0.7861666 -0.70950907 0.39734377 0.5819921 0.60220779 0.77079083 0.20791169
55387 45900 -0.37052227 0.5005322 -0.78241982 -0.70714851 0.3941434 0.58701956 0.60220779 0.77079083 0.20791169
55387 45930 -0.37504756 0.50304842 -0.77864088 -0.7047589 0.39092684 0.59202289 0.60220779 0.77079083 0.20791169
55387 45960 -0.37955744 0.50554396 -0.77482995 -0.70234032 0.38769421 0.59700191 0.60220779 0.77079083 0.20791169
55387 45990 -0.38405172 0.50801874 -0.77098718 -0.69989289 0.38444565 0.60195639 0.60220779 0.77079083 0.20791169
55387 46020 -0.38853022 0.51047264 -0.76711274 -0.69741669 0.38118129 0.60688613 0.60220779 0.77079083 0.20791169
55387 46050 -0.39299275 0.51290557 -0.76320677 -0.69491184 0.37790128 0.61179094 0.60220779 0.77079083 0.20791169
55387 46080 -0.39743914 0.51531742 -0.75926944 -0.69237844 0.37460573 0.61667061 0.60220779 0.77079083 0.20791169
55387 46110 -0.4018692 0.5177081 -0.75530091 -0.68981658 0.37129479 0.62152495 0.60220779 0.77079083 0.20791169
55387 46140 -0.40628274 0.5200775 -0.75130135 -0.68722638 0.3679686 0.62635374 0.60220779 0.77079083 0.20791169
55387 46170 -0.41067959 0.52242554 -0.74727092 -0.68460795 0.36462728 0.6311568 0.60220779 0.77079083 0.20791169
55387 46200 -0.41505957 0.52475211 -0.74320978 -0.68196138 0.36127099 0.63593392 0.60220779 0.77079083 0.20791169
55387 46230 -0.41942249 0.52705711 -0.73911811 -0.67928679 0.35789985 0.64068491 0.60220779 0.77079083 0.20791169
55387 46260 -0.42376818 0.52934046 -0.73499606 -0.67658429 0.354514 0.64540958 0.60220779 0.77079083 0.20791169
55387 46290 -0.42809645 0.53160206 -0.73084381 -0.67385399 0.35111358 0.65010772 0.60220779 0.77079083 0.20791169
55387 46320 -0.43240714 0.53384182 -0.72666153 -0.671096 0.34769874 0.65477916 0.60220779 0.77079083 0.20791169
55387 46350 -0.43670005 0.53605964 -0.7224494 -0.66831043 0.34426961 0.65942369 0.60220779 0.77079083 0.20791169
55387 46380 -0.44097502 0.53825543 -0.71820758 -0.66549741 0.34082634 0.66404112 0.60220779 0.77079083 0.20791169
55387 46410 -0.44523188 0.54042911 -0.71393624 -0.66265704 0.33736906 0.66863127 0.60220779 0.77079083 0.20791169
55387 46440 -0.44947043 0.54258058 -0.70963557 -0.65978944 0.33389792 0.67319394 0.60220779 0.77079083 0.20791169
55387 46470 -0.45369052 0.54470975 -0.70530575 -0.65689473 0.33041305 0.67772895 0.60220779 0.77079083 0.20791169
55387 46500 -0.45789197 0.54681654 -0.70094694 -0.65397302 0.32691462 0.68223612 0.60220779 0.77079083 0.20791169
55387 46530 -0.4620746 0.54890087 -0.69655933 -0.65102445 0.32340275 0.68671525 0.60220779 0.77079083 0.20791169
55387 46560 -0.46623825 0.55096264 -0.6921431 -0.64804912 0.31987759 0.69116616 0.60220779 0.77079083 0.20791169
55387 46590 -0.47038274 0.55300177 -0.68769842 -0.64504717 0.31633928 0.69558868 0.60220779 0.77079083 0.20791169
55387 46620 -0.4745079 0.55501818 -0.6832255 -0.64201871 0.31278798 0.69998261 0.60220779 0.77079083 0.20791169
55387 46650 -0.47861356 0.55701178 -0.67872449 -0.63896387 0.30922383 0.70434778 0.60220779 0.77079083 0.20791169
55387 46680 -0.48269955 0.5589825 -0.6741956 -0.63588278 0.30564697 0.70868401 0.60220779 0.77079083 0.20791169
55387 46710 -0.48676572 0.56093024 -0.66963901 -0.63277556 0.30205755 0.71299112 0.60220779 0.77079083 0.20791169
55387 46740 -0.49081188 0.56285494 -0.6650549 -0.62964234 0.29845571 0.71726893 0.60220779 0.77079083 0.20791169
55387 46770 -0.49483787 0.56475651 -0.66044346 -0.62648324 0.29484162 0.72151727 0.60220779 0.77079083 0.20791169
55387 46800 -0.49884353 0.56663488 -0.65580488 -0.62329841 0.29121541 0.72573596 0.60220779 0.77079083 0.20791169
55387 46830 -0.5028287 0.56848996 -0.65113936 -0.62008796 0.28757724 0.72992483 0.60220779 0.77079083 0.20791169
55387 46860 -0.5067932 0.57032168 -0.64644709 -0.61685203 0.28392724 0.73408371 0.60220779 0.77079083 0.20791169
55387 46890 -0.51073688 0.57212997 -0.64172825 -0.61359076 0.28026558 0.73821243 0.60220779 0.77079083 0.20791169
55387 46920 -0.51465957 0.57391475 -0.63698304 -0.61030427 0.27659241 0.74231081 0.60220779 0.77079083 0.20791169
55387 46950 -0.51856111 0.57567595 -0.63221166 -0.60699271 0.27290787 0.74637869 0.60220779 0.77079083 0.20791169
55387 46980 -0.52244135 0.57741349 -0.6274143 -0.6036562 0.26921212 0.7504159 0.60220779 0.77079083 0.20791169
55387 47010 -0.52630012 0.5791273 -0.62259116 -0.60029489 0.2655053 0.75442228 0.60220779 0.77079083 0.20791169
55387 47040 -0.53013726 0.58081732 -0.61774244 -0.59690892 0.26178758 0.75839766 0.60220779 0.77079083 0.20791169
55387 47070 -0.53395262 0.58248348 -0.61286833 -0.59349841 0.25805909 0.76234188 0.60220779 0.77079083 0.20791169
55387 47100 -0.53774604 0.5841257 -0.60796904 -0.59006352 0.25432001 0.76625477 0.60220779 0.77079083 0.20791169
55387 47130 -0.54151737 0.58574392 -0.60304478 -0.58660439 0.25057047 0.77013617 0.60220779 0.77079083 0.20791169
55387 47160 -0.54526644 0.58733807 -0.59809573 -0.58312115 0.24681064 0.77398594 0.60220779 0.77079083 0.20791169
55387 47190 -0.54899311 0.58890809 -0.5931221 -0.57961395 0.24304067 0.77780389 0.60220779 0.77079083 0.20791169
55387 47220 -0.55269722 0.5904539 -0.58812411 -0.57608294 0.23926071 0.78158989 0.60220779 0.77079083 0.20791169
55387 47250 -0.55637862 0.59197546 -0.58310195 -0.57252825 0.23547092 0.78534378 0.60220779 0.77079083 0.20791169
55387 47280 -0.56003716 0.59347269 -0.57805583 -0.56895004 0.23167145 0.78906539 0.60220779 0.77079083 0.20791169
55387 47310 -0.56367269 0.59494554 -0.57298595 -0.56534845 0.22786247 0.79275458 0.60220779 0.77079083 0.20791169
55387 47340 -0.56728505 0.59639394 -0.56789254 -0.56172363 0.22404412 0.7964112 0.60220779 0.77079083 0.20791169
55387 47370 -0.57087411 0.59781784 -0.56277579 -0.55807573 0.22021656 0.80003509 0.60220779 0.77079083 0.20791169
55387 47400 -0.57443971 0.59921717 -0.55763591 -0.5544049 0.21637996 0.80362611 0.60220779 0.77079083 0.20791169
55387 47430 -0.5779817 0.60059187 -0.55247312 -0.55071129 0.21253447 0.80718411 0.60220779 0.77079083 0.20791169
55387 47460 -0.58149995 0.60194191 -0.54728763 -0.54699504 0.20868024 0.81070894 0.60220779 0.77079083 0.20791169
55387 47490 -0.5849943 0.6032672 -0.54207965 -0.54325633 0.20481744 0.81420045 0.60220779 0.77079083 0.20791169
55387 47520 -0.58846462 0.60456771 -0.5368494 -0.53949529 0.20094622 0.81765852 0.60220779 0.77079083 0.20791169
55387 47550 -0.59191075 0.60584338 -0.53159709 -0.53571208 0.19706674 0.82108298 0.60220779 0.77079083 0.20791169
55387 47580 -0.59533257 0.60709415 -0.52632293 -0.53190686 0.19317917 0.82447371 0.60220779 0.77079083 0.20791169
55387 47610 -0.59872992 0.60831998 -0.52102715 -0.52807978 0.18928366 0.82783056 0.60220779 0.77079083 0.20791169
55387 47640 -0.60210267 0.60952081 -0.51570996 -0.52423101 0.18538038 0.83115339 0.60220779 0.77079083 0.20791169
55387 47670 -0.60545067 0.61069659 -0.51037158 -0.52036069 0.18146947 0.83444208 0.60220779 0.77079083 0.20791169
55387 47700 -0.60877381 0.61184729 -0.50501223 -0.516469 0.17755111 0.83769647 0.60220779 0.77079083 0.20791169
55387 47730 -0.61207192 0.61297284 -0.49963213 -0.51255608 0.17362545 0.84091645 0.60220779 0.77079083 0.20791169
55387 47760 -0.61534489 0.6140732 -0.49423149 -0.5086221 0.16969266 0.84410187 0.60220779 0.77079083 0.20791169
55387 47790 -0.61859257 0.61514834 -0.48881055 -0.50466722 0.1657529 0.8472526 0.60220779 0.77079083 0.20791169
55387 47820 -0.62181483 0.61619819 -0.48336953 -0.50069161 0.16180632 0.85036853 0.60220779 0.77079083 0.20791169
55387 47850 -0.62501155 0.61722273 -0.47790864 -0.49669542 0.1578531 0.85344951 0.60220779 0.77079083 0.20791169
55387 47880 -0.62818258 0.6182219 -0.47242811 -0.49267882 0.15389339 0.85649542 0.60220779 0.77079083 0.20791169
55387 47910 -0.6313278 0.61919568 -0.46692818 -0.48864198 0.14992736 0.85950614 0.60220779 0.77079083 0.20791169
55387 47940 -0.63444708 0.62014401 -0.46140905 -0.48458506 0.14595516 0.86248154 0.60220779 0.77079083 0.20791169
55387 47970 -0.63754029 0.62106686 -0.45587097 -0.48050822 0.14197697 0.86542151 0.60220779 0.77079083 0.20791169
55387 48000 -0.6406073 0.62196418 -0.45031416 -0.47641165 0.13799295 0.86832591 0.60220779 0.77079083 0.20791169
55387 48030 -0.64364799 0.62283596 -0.44473884 -0.4722955 0.13400325 0.87119463 0.60220779 0.77079083 0.20791169
55387 48060 -0.64666223 0.62368213 -0.43914525 -0.46815994 0.13000805 0.87402756 0.60220779 0.77079083 0.20791169
55387 48090 -0.64964991 0.62450269 -0.43353361 -0.46400514 0.12600751 0.87682457 0.60220779 0.77079083 0.20791169
55387 48120 -0.65261088 0.62529758 -0.42790416 -0.45983128 0.12200179 0.87958556 0.60220779 0.77079083 0.20791169
55387 48150 -0.65554504 0.62606678 -0.42225713 -0.45563853 0.11799106 0.8823104 0.60220779 0.77079083 0.20791169
55387 48180 -0.65845227 0.62681025 -0.41659275 -0.45142705 0.11397548 0.88499899 0.60220779 0.77079083 0.20791169
55387 48210 -0.66133244 0.62752797 -0.41091125 -0.44719702 0.10995521 0.88765121 0.60220779 0.77079083 0.20791169
55387 48240 -0.66418543 0.6282199 -0.40521286 -0.44294862 0.10593043 0.89026696 0.60220779 0.77079083 0.20791169
55387 48270 -0.66701114 0.62888602 -0.39949783 -0.43868202 0.10190129 0.89284613 0.60220779 0.77079083 0.20791169
55387 48300 -0.66980944 0.6295263 -0.39376638 -0.43439739 0.09786797 0.89538861 0.60220779 0.77079083 0.20791169
55387 48330 -0.67258021 0.63014071 -0.38801875 -0.43009491 0.09383063 0.8978943 0.60220779 0.77079083 0.20791169
55387 48360 -0.67532335 0.63072923 -0.38225517 -0.42577476 0.08978943 0.9003631 0.60220779 0.77079083 0.20791169
55387 48390 -0.67803874 0.63129183 -0.37647589 -0.42143712 0.08574454 0.9027949 0.60220779 0.77079083 0.20791169
55387 48420 -0.68072627 0.63182849 -0.37068114 -0.41708215 0.08169612 0.9051896 0.60220779 0.77079083 0.20791169
55387 48450 -0.68338582 0.63233919 -0.36487116 -0.41271005 0.07764435 0.90754711 0.60220779 0.77079083 0.20791169
55387 48480 -0.6860173 0.63282391 -0.35904619 -0.408321 0.07358939 0.90986733 0.60220779 0.77079083 0.20791169
55387 48510 -0.68862059 0.63328262 -0.35320646 -0.40391516 0.06953141 0.91215017 0.60220779 0.77079083 0.20791169
55387 48540 -0.69119558 0.63371532 -0.34735222 -0.39949273 0.06547057 0.91439552 0.60220779 0.77079083 0.20791169
55387 48570 -0.69374217 0.63412197 -0.3414837 -0.39505388 0.06140704 0.9166033 0.60220779 0.77079083 0.20791169
55387 48600 -0.69626026 0.63450257 -0.33560116 -0.3905988 0.05734099 0.91877342 0.60220779 0.77079083 0.20791169
55387 48630 -0.69874974 0.6348571 -0.32970483 -0.38612767 0.05327258 0.92090578 0.60220779 0.77079083 0.20791169
55387 48660 -0.7012105 0.63518554 -0.32379494 -0.38164067 0.04920198 0.92300031 0.60220779 0.77079083 0.20791169
55387 48690 -0.70364246 0.63548788 -0.31787176 -0.37713799 0.04512936 0.9250569 0.60220779 0.77079083 0.20791169
55387 48720 -0.7060455 0.6357641 -0.31193551 -0.37261982 0.04105488 0.92707549 0.60220779 0.77079083 0.20791169
55387 48750 -0.70841952 0.63601421 -0.30598644 -0.36808633 0.03697872 0.92905599 0.60220779 0.77079083 0.20791169
55387 48780 -0.71076444 0.63623818 -0.3000248 -0.36353772 0.03290104 0.93099831 0.60220779 0.77079083 0.20791169
55387 48810 -0.71308016 0.63643601 -0.29405084 -0.35897417 0.028822 0.93290237 0.60220779 0.77079083 0.20791169
55387 48840 -0.71536657 0.63660768 -0.28806479 -0.35439588 0.02474179 0.9347681 0.60220779 0.77079083 0.20791169
55387 48870 -0.71762359 0.6367532 -0.2820669 -0.34980302 0.02066055 0.93659543 0.60220779 0.77079083 0.20791169
55387 48900 -0.71985113 0.63687256 -0.27605743 -0.34519578 0.01657847 0.93838426 0.60220779 0.77079083 0.20791169
55387 48930 -0.72204908 0.63696574 -0.27003661 -0.34057437 0.01249571 0.94013454 0.60220779 0.77079083 0.20791169
55387 48960 -0.72421736 0.63703275 -0.26400469 -0.33593895 0.00841243 0.94184619 0.60220779 0.77079083 0.20791169
55387 48990 -0.72635589 0.63707359 -0.25796193 -0.33128974 0.0043288 0.94351914 0.60220779 0.77079083 0.20791169
55387 49020 -0.72846457 0.63708825 -0.25190857 -0.32662691 0.000245 0.94515332 0.60220779 0.77079083 0.20791169
55387 49050 -0.73054332 0.63707673 -0.24584486 -0.32195066 -0.00383881 0.94674867 0.60220779 0.77079083 0.20791169
55387 49080 -0.73259205 0.63703904 -0.23977104 -0.31726118 -0.00792246 0.94830511 0.60220779 0.77079083 0.20791169
55387 49110 -0.73461068 0.63697516 -0.23368737 -0.31255867 -0.01200579 0.94982258 0.60220779 0.77079083 0.20791169
55387 49140 -0.73659912 0.63688512 -0.2275941 -0.30784331 -0.01608863 0.95130103 0.60220779 0.77079083 0.20791169
55387 49170 -0.7385573 0.6367689 -0.22149148 -0.3031153 -0.0201708 0.95274039 0.60220779 0.77079083 0.20791169
55387 49200 -0.74048513 0.63662653 -0.21537976 -0.29837484 -0.02425214 0.9541406 0.60220779 0.77079083 0.20791169
55387 49230 -0.74238253 0.63645799 -0.20925919 -0.29362212 -0.02833249 0.95550161 0.60220779 0.77079083 0.20791169
55387 49260 -0.74424943 0.6362633 -0.20313002 -0.28885733 -0.03241168 0.95682335 0.60220779 0.77079083 0.20791169
55387 49290 -0.74608575 0.63604246 -0.1969925 -0.28408068 -0.03648953 0.95810578 0.60220779 0.77079083 0.20791169
55387 49320 -0.74789141 0.63579549 -0.19084689 -0.27929235 -0.04056588 0.95934884 0.60220779 0.77079083 0.20791169
55387 49350 -0.74966634 0.6355224 -0.18469343 -0.27449254 -0.04464057 0.96055248 0.60220779 0.77079083 0.20791169
55387 49380 -0.75141046 0.63522319 -0.17853239 -0.26968146 -0.04871342 0.96171665 0.60220779 0.77079083 0.20791169
55387 49410 -0.75312371 0.63489788 -0.17236401 -0.26485929 -0.05278427 0.9628413 0.60220779 0.77079083 0.20791169
55387 49440 -0.75480602 0.63454648 -0.16618855 -0.26002624 -0.05685295 0.96392639 0.60220779 0.77079083 0.20791169
55387 49470 -0.75645731 0.63416901 -0.16000626 -0.25518251 -0.0609193 0.96497188 0.60220779 0.77079083 0.20791169
55387 49500 -0.75807751 0.63376549 -0.1538174 -0.25032829 -0.06498314 0.96597771 0.60220779 0.77079083 0.20791169
55387 49530 -0.75966657 0.63333592 -0.14762221 -0.24546379 -0.06904431 0.96694385 0.60220779 0.77079083 0.20791169
55387 49560 -0.76122441 0.63288032 -0.14142096 -0.2405892 -0.07310265 0.96787026 0.60220779 0.77079083 0.20791169
55387 49590 -0.76275098 0.63239872 -0.1352139 -0.23570472 -0.07715798 0.9687569 0.60220779 0.77079083 0.20791169
55387 49620 -0.7642462 0.63189114 -0.12900129 -0.23081056 -0.08121014 0.96960373 0.60220779 0.77079083 0.20791169
55387 49650 -0.76571002 0.63135759 -0.12278337 -0.22590692 -0.08525896 0.97041072 0.60220779 0.77079083 0.20791169
55387 49680 -0.76714238 0.6307981 -0.1165604 -0.22099399 -0.08930428 0.97117784 0.60220779 0.77079083 0.20791169
55387 49710 -0.76854321 0.63021269 -0.11033265 -0.21607198 -0.09334594 0.97190505 0.60220779 0.77079083 0.20791169
55387 49740 -0.76991247 0.62960139 -0.10410037 -0.2111411 -0.09738375 0.97259233 0.60220779 0.77079083 0.20791169
55387 49770 -0.77125009 0.62896421 -0.0978638 -0.20620153 -0.10141757 0.97323964 0.60220779 0.77079083 0.20791169
55387 49800 -0.77255602 0.62830119 -0.09162322 -0.2012535 -0.10544721 0.97384697 0.60220779 0.77079083 0.20791169
55387 49830 -0.7738302 0.62761235 -0.08537887 -0.19629719 -0.10947253 0.97441427 0.60220779 0.77079083 0.20791169
55387 49860 -0.77507259 0.62689773 -0.07913101 -0.19133282 -0.11349334 0.97494154 0.60220779 0.77079083 0.20791169
55387 49890 -0.77628313 0.62615734 -0.0728799 -0.18636059 -0.11750949 0.97542875 0.60220779 0.77079083 0.20791169
55387 49920 -0.77746178 0.62539123 -0.0666258 -0.1813807 -0.12152082 0.97587588 0.60220779 0.77079083 0.20791169
55387 49950 -0.77860847 0.62459942 -0.06036895 -0.17639336 -0.12552715 0.97628291 0.60220779 0.77079083 0.20791169
55387 49980 -0.77972318 0.62378194 -0.05410963 -0.17139877 -0.12952832 0.97664982 0.60220779 0.77079083 0.20791169
55387 50010 -0.78080584 0.62293884 -0.04784809 -0.16639713 -0.13352417 0.97697661 0.60220779 0.77079083 0.20791169
55387 50040 -0.78185643 0.62207013 -0.04158458 -0.16138866 -0.13751454 0.97726325 0.60220779 0.77079083 0.20791169
55387 50070 -0.78287488 0.62117587 -0.03531935 -0.15637356 -0.14149925 0.97750973 0.60220779 0.77079083 0.20791169
55387 50100 -0.78386117 0.62025608 -0.02905268 -0.15135203 -0.14547815 0.97771605 0.60220779 0.77079083 0.20791169
55387 50130 -0.78481525 0.61931081 -0.02278482 -0.14632429 -0.14945107 0.97788219 0.60220779 0.77079083 0.20791169
55387 50160 -0.78573708 0.61834009 -0.01651602 -0.14129053 -0.15341785 0.97800815 0.60220779 0.77079083 0.20791169
55387 50190 -0.78662662 0.61734396 -0.01024654 -0.13625096 -0.15737833 0.97809393 0.60220779 0.77079083 0.20791169
55387 50220 -0.78748385 0.61632246 -0.00397663 -0.1312058 -0.16133234 0.97813952 0.60220779 0.77079083 0.20791169
55387 50250 -0.78830871 0.61527564 0.00229343 -0.12615524 -0.16527972 0.97814491 0.60220779 0.77079083 0.20791169
55387 50280 -0.78910119 0.61420354 0.0085634 -0.12109951 -0.16922031 0.97811011 0.60220779 0.77079083 0.20791169
55387 50310 -0.78986123 0.6131062 0.01483302 -0.11603879 -0.17315394 0.97803513 0.60220779 0.77079083 0.20791169
55387 50340 -0.79058883 0.61198367 0.02110203 -0.11097331 -0.17708047 0.97791995 0.60220779 0.77079083 0.20791169
55387 50370 -0.79128394 0.61083599 0.02737017 -0.10590327 -0.18099971 0.97776459 0.60220779 0.77079083 0.20791169
55387 50400 -0.79194653 0.60966321 0.03363719 -0.10082887 -0.18491152 0.97756906 0.60220779 0.77079083 0.20791169
55387 50430 -0.79257659 0.60846538 0.03990282 -0.09575034 -0.18881573 0.97733336 0.60220779 0.77079083 0.20791169
55387 50460 -0.79317407 0.60724255 0.04616682 -0.09066787 -0.19271218 0.9770575 0.60220779 0.77079083 0.20791169
55387 50490 -0.79373897 0.60599477 0.05242892 -0.08558167 -0.19660071 0.97674149 0.60220779 0.77079083 0.20791169
55387 50520 -0.79427125 0.60472209 0.05868886 -0.08049196 -0.20048117 0.97638535 0.60220779 0.77079083 0.20791169
55387 50550 -0.79477089 0.60342456 0.06494639 -0.07539894 -0.20435338 0.97598909 0.60220779 0.77079083 0.20791169
55387 50580 -0.79523788 0.60210223 0.07120126 -0.07030282 -0.2082172 0.97555272 0.60220779 0.77079083 0.20791169
55387 50610 -0.79567219 0.60075516 0.0774532 -0.06520381 -0.21207247 0.97507627 0.60220779 0.77079083 0.20791169
55387 50640 -0.79607381 0.59938341 0.08370195 -0.06010212 -0.21591902 0.97455975 0.60220779 0.77079083 0.20791169
55387 50670 -0.79644271 0.59798703 0.08994727 -0.05499797 -0.2197567 0.97400319 0.60220779 0.77079083 0.20791169
55387 50700 -0.79677889 0.59656608 0.09618889 -0.04989155 -0.22358535 0.97340661 0.60220779 0.77079083 0.20791169
55387 50730 -0.79708233 0.59512062 0.10242656 -0.04478308 -0.22740481 0.97277003 0.60220779 0.77079083 0.20791169
55387 50760 -0.79735302 0.5936507 0.10866002 -0.03967278 -0.23121492 0.97209348 0.60220779 0.77079083 0.20791169
55387 50790 -0.79759095 0.59215639 0.11488901 -0.03456084 -0.23501554 0.97137698 0.60220779 0.77079083 0.20791169
55387 50820 -0.7977961 0.59063775 0.12111329 -0.02944748 -0.2388065 0.97062058 0.60220779 0.77079083 0.20791169
55387 50850 -0.79796847 0.58909484 0.12733258 -0.02433292 -0.24258765 0.96982428 0.60220779 0.77079083 0.20791169
55387 50880 -0.79810805 0.58752772 0.13354665 -0.01921735 -0.24635883 0.96898814 0.60220779 0.77079083 0.20791169
55387 50910 -0.79821484 0.58593647 0.13975523 -0.01410099 -0.25011988 0.96811219 0.60220779 0.77079083 0.20791169
55387 50940 -0.79828883 0.58432113 0.14595806 -0.00898406 -0.25387066 0.96719645 0.60220779 0.77079083 0.20791169
55387 50970 -0.79833002 0.58268179 0.1521549 -0.00386675 -0.25761101 0.96624097 0.60220779 0.77079083 0.20791169
55387 51000 -0.7983384 0.5810185 0.15834549 0.00125071 -0.26134077 0.96524579 0.60220779 0.77079083 0.20791169
55387 51030 -0.79831399 0.57933134 0.16452957 0.00636812 -0.2650598 0.96421095 0.60220779 0.77079083 0.20791169
55387 51060 -0.79825676 0.57762038 0.17070688 0.01148527 -0.26876793 0.96313648 0.60220779 0.77079083 0.20791169
55387 51090 -0.79816674 0.57588568 0.17687719 0.01660195 -0.27246502 0.96202245 0.60220779 0.77079083 0.20791169
55387 51120 -0.79804392 0.57412731 0.18304023 0.02171795 -0.27615091 0.96086888 0.60220779 0.77079083 0.20791169
55387 51150 -0.79788831 0.57234536 0.18919574 0.02683305 -0.27982546 0.95967583 0.60220779 0.77079083 0.20791169
55387 51180 -0.79769992 0.57053989 0.19534348 0.03194705 -0.28348851 0.95844335 0.60220779 0.77079083 0.20791169
55387 51210 -0.79747874 0.56871098 0.2014832 0.03705974 -0.28713991 0.95717148 0.60220779 0.77079083 0.20791169
55387 51240 -0.7972248 0.56685869 0.20761463 0.04217091 -0.29077951 0.95586029 0.60220779 0.77079083 0.20791169
55387 51270 -0.7969381 0.56498312 0.21373754 0.04728034 -0.29440716 0.95450982 0.60220779 0.77079083 0.20791169
55387 51300 -0.79661866 0.56308433 0.21985166 0.05238783 -0.29802272 0.95312013 0.60220779 0.77079083 0.20791169
55387 51330 -0.79626648 0.5611624 0.22595675 0.05749317 -0.30162603 0.95169127 0.60220779 0.77079083 0.20791169
55387 51360 -0.79588158 0.55921741 0.23205256 0.06259614 -0.30521694 0.95022331 0.60220779 0.77079083 0.20791169
55387 51390 -0.79546398 0.55724945 0.23813883 0.06769655 -0.30879532 0.94871631 0.60220779 0.77079083 0.20791169
55387 51420 -0.7950137 0.55525859 0.24421531 0.07279417 -0.31236101 0.94717032 0.60220779 0.77079083 0.20791169
55387 51450 -0.79453075 0.55324491 0.25028176 0.0778888 -0.31591386 0.94558541 0.60220779 0.77079083 0.20791169
55387 51480 -0.79401515 0.5512085 0.25633792 0.08298023 -0.31945373 0.94396165 0.60220779 0.77079083 0.20791169
55387 51510 -0.79346692 0.54914945 0.26238356 0.08806825 -0.32298047 0.9422991 0.60220779 0.77079083 0.20791169
55387 51540 -0.79288609 0.54706782 0.26841841 0.09315265 -0.32649395 0.94059783 0.60220779 0.77079083 0.20791169
55387 51570 -0.79227268 0.54496372 0.27444223 0.09823323 -0.329994 0.93885792 0.60220779 0.77079083 0.20791169
55387 51600 -0.79162672 0.54283723 0.28045478 0.10330976 -0.3334805 0.93707942 0.60220779 0.77079083 0.20791169
55387 51630 -0.79094823 0.54068843 0.2864558 0.10838206 -0.3369533 0.93526243 0.60220779 0.77079083 0.20791169
55387 51660 -0.79023724 0.53851741 0.29244505 0.1134499 -0.34041225 0.933407 0.60220779 0.77079083 0.20791169
55387 51690 -0.78949378 0.53632427 0.29842228 0.11851307 -0.34385721 0.93151322 0.60220779 0.77079083 0.20791169
55387 51720 -0.78871787 0.53410908 0.30438725 0.12357138 -0.34728804 0.92958116 0.60220779 0.77079083 0.20791169
55387 51750 -0.78790956 0.53187196 0.31033972 0.12862461 -0.35070461 0.9276109 0.60220779 0.77079083 0.20791169
55387 51780 -0.78706888 0.52961297 0.31627943 0.13367256 -0.35410676 0.92560253 0.60220779 0.77079083 0.20791169
55387 51810 -0.78619585 0.52733223 0.32220615 0.13871501 -0.35749436 0.92355613 0.60220779 0.77079083 0.20791169
55387 51840 -0.78529052 0.52502982 0.32811963 0.14375176 -0.36086728 0.92147178 0.60220779 0.77079083 0.20791169
55387 51870 -0.78435292 0.52270583 0.33401962 0.14878261 -0.36422536 0.91934956 0.60220779 0.77079083 0.20791169
55387 51900 -0.7833831 0.52036037 0.33990589 0.15380734 -0.36756848 0.91718957 0.60220779 0.77079083 0.20791169
55387 51930 -0.78238108 0.51799352 0.3457782 0.15882575 -0.3708965 0.9149919 0.60220779 0.77079083 0.20791169
55387 51960 -0.78134691 0.51560539 0.35163629 0.16383764 -0.37420927 0.91275662 0.60220779 0.77079083 0.20791169
55387 51990 -0.78028064 0.51319607 0.35747994 0.16884279 -0.37750667 0.91048384 0.60220779 0.77079083 0.20791169
55387 52020 -0.77918231 0.51076567 0.3633089 0.17384101 -0.38078856 0.90817365 0.60220779 0.77079083 0.20791169
55387 52050 -0.77805196 0.50831428 0.36912293 0.17883208 -0.3840548 0.90582614 0.60220779 0.77079083 0.20791169
55387 52080 -0.77688964 0.505842 0.37492179 0.18381581 -0.38730526 0.90344141 0.60220779 0.77079083 0.20791169
55387 52110 -0.7756954 0.50334894 0.38070525 0.18879198 -0.39053981 0.90101956 0.60220779 0.77079083 0.20791169
55387 52140 -0.77446929 0.5008352 0.38647306 0.1937604 -0.39375831 0.89856068 0.60220779 0.77079083 0.20791169
55387 52170 -0.77321135 0.49830087 0.39222499 0.19872085 -0.39696063 0.89606489 0.60220779 0.77079083 0.20791169
55387 52200 -0.77192164 0.49574607 0.39796081 0.20367314 -0.40014664 0.89353227 0.60220779 0.77079083 0.20791169
55387 52230 -0.77060022 0.4931709 0.40368028 0.20861706 -0.4033162 0.89096294 0.60220779 0.77079083 0.20791169
55387 52260 -0.76924713 0.49057547 0.40938315 0.2135524 -0.4064692 0.888357 0.60220779 0.77079083 0.20791169
55387 52290 -0.76786243 0.48795988 0.41506921 0.21847898 -0.40960549 0.88571456 0.60220779 0.77079083 0.20791169
55387 52320 -0.76644618 0.48532424 0.42073821 0.22339657 -0.41272495 0.88303572 0.60220779 0.77079083 0.20791169
55387 52350 -0.76499843 0.48266865 0.42638992 0.22830499 -0.41582745 0.8803206 0.60220779 0.77079083 0.20791169
55387 52380 -0.76351926 0.47999324 0.43202412 0.23320402 -0.41891287 0.87756931 0.60220779 0.77079083 0.20791169
55387 52410 -0.76200871 0.4772981 0.43764056 0.23809347 -0.42198107 0.87478196 0.60220779 0.77079083 0.20791169
55387 52440 -0.76046685 0.47458334 0.44323902 0.24297314 -0.42503194 0.87195866 0.60220779 0.77079083 0.20791169
55387 52470 -0.75889374 0.47184909 0.44881926 0.24784283 -0.42806534 0.86909953 0.60220779 0.77079083 0.20791169
55387 52500 -0.75728945 0.46909545 0.45438107 0.25270233 -0.43108115 0.8662047 0.60220779 0.77079083 0.20791169
55387 52530 -0.75565404 0.46632254 0.4599242 0.25755145 -0.43407925 0.86327427 0.60220779 0.77079083 0.20791169
55387 52560 -0.75398758 0.46353046 0.46544843 0.26238998 -0.43705951 0.86030837 0.60220779 0.77079083 0.20791169
55387 52590 -0.75229014 0.46071934 0.47095354 0.26721773 -0.44002181 0.85730712 0.60220779 0.77079083 0.20791169
55387 52620 -0.75056179 0.45788928 0.4764393 0.27203451 -0.44296603 0.85427064 0.60220779 0.77079083 0.20791169
55387 52650 -0.7488026 0.45504041 0.48190548 0.2768401 -0.44589205 0.85119906 0.60220779 0.77079083 0.20791169
55387 52680 -0.74701264 0.45217285 0.48735186 0.28163432 -0.44879975 0.8480925 0.60220779 0.77079083 0.20791169
55387 52710 -0.74519198 0.4492867 0.49277822 0.28641697 -0.45168901 0.8449511 0.60220779 0.77079083 0.20791169
55387 52740 -0.74334071 0.44638209 0.49818432 0.29118785 -0.45455971 0.84177498 0.60220779 0.77079083 0.20791169
